8343
1 611569
1 213909
2 116208
1 28048
1 878344
2 177782
1 311242
1 1041327
2 950776
1 152443
1 204988
2 536698
2 545653
1 923098
2 127643
1 626114
1 187946
1 610871
1 848672
1 723933
2 452727
1 666263
2 547244
2 999107
2 114828
2 918183
1 869270
2 965449
2 715331
1 669495
1 419719
2 469122
2 701698
2 417447
1 772761
1 1046861
2 165776
2 963979
2 153661
2 309850
1 438380
2 557788
2 359101
2 310044
1 225193
1 782199
1 319742
2 828677
2 574848
2 563208
2 245944
2 539094
2 687652
2 816822
2 132012
1 392819
2 394542
2 18379
2 447829
2 121308
1 23516
2 17764
2 80873
2 1016832
2 1029455
2 297319
1 33177
1 131054
2 983338
1 163199
2 715415
1 486238
2 900050
1 878309
2 8308
2 916372
2 57835
2 346415
1 2132
2 403196
1 453172
1 1016842
2 548926
2 505095
2 152595
1 304245
2 135140
2 24892
2 492266
1 760022
2 377384
1 41516
2 395686
1 976933
1 441209
1 846701
1 778528
2 75248
1 935967
1 48639
2 25128
1 81267
1 914886
1 407890
2 360728
2 827975
1 189940
1 909381
2 482093
1 244037
2 77783
1 318691
2 248648
2 546753
2 576171
1 171809
1 829589
1 59460
2 587369
1 1045519
1 615778
2 85135
2 503507
2 506246
1 227481
2 34423
2 677626
2 46505
1 746139
2 692926
1 583611
1 269094
2 207047
1 854308
2 674806
1 325452
1 415175
2 305466
2 689170
2 841191
1 614850
1 129811
1 903794
2 517104
2 656420
1 576245
1 464090
2 180088
1 10907
2 391225
1 893654
1 24467
1 577604
1 979649
2 156257
1 949130
1 240540
2 602097
1 963593
1 784634
2 32038
1 816935
2 549631
1 335422
2 91485
1 505204
2 374821
1 648064
1 468048
1 962791
2 791123
1 1013917
1 39019
1 893906
1 852239
1 349871
2 369601
2 237708
1 536458
1 904624
1 211066
2 113109
2 520978
2 183506
2 626170
2 159789
2 422244
1 610817
2 923852
1 637502
2 594816
2 450152
1 508348
2 966297
1 130852
1 183914
1 5882
1 776316
1 375795
1 65792
1 831006
1 286630
2 678682
2 690716
2 722271
1 789202
2 988232
2 1030837
1 203142
2 82537
1 376156
1 199451
2 516188
2 313102
2 736344
1 476257
1 40184
2 341835
2 955155
1 697954
2 555538
1 259506
1 469259
2 989170
2 637247
1 889286
1 55982
1 25642
2 505641
2 975347
2 876817
1 715959
1 817440
2 121722
2 603970
2 854471
1 369714
2 888411
1 600459
1 242140
2 369506
1 303515
1 521780
2 561906
1 739158
1 1003663
1 238652
1 6290
2 568668
2 527427
2 983290
2 633807
1 1012198
1 162264
1 797097
1 543807
2 1016618
1 601789
2 124269
2 38414
1 733344
1 436868
2 88701
1 185628
2 11896
1 167930
2 771372
2 246071
1 509139
2 147837
2 288127
2 219111
2 460819
1 489088
2 800666
1 858050
1 757414
2 369253
1 929119
2 183522
1 364966
1 924158
2 178470
2 225052
2 1036641
2 812749
1 205473
2 79468
1 79053
1 907501
1 489237
2 968188
1 162771
2 661809
1 693017
1 724364
1 284511
1 162703
1 931670
2 555436
2 324648
1 889880
2 127748
2 796718
2 261156
2 449308
1 1027659
2 481681
2 81460
1 341913
2 446342
1 145799
1 982622
1 707110
1 145274
1 377601
1 200372
1 328087
2 417241
2 797867
1 111162
2 507427
2 612036
2 921654
2 839
2 763088
2 589213
1 820001
2 487512
2 477866
2 884339
1 140830
1 553284
2 212366
2 997460
2 123862
1 128464
1 680272
2 224123
2 838263
2 335754
1 525784
2 839598
1 404510
1 252513
1 82757
2 439411
2 597239
1 585268
2 508035
1 426896
1 1035706
2 607212
1 100211
1 683897
1 725113
1 329373
2 275690
2 406283
1 821526
1 711738
2 12138
1 946583
1 743636
1 663615
2 223441
2 847969
2 419093
2 221627
2 119068
1 1020840
1 257120
2 724560
1 481570
2 531173
1 627343
2 542846
2 692879
1 118745
2 464866
1 594565
1 215550
1 93683
1 989971
1 518699
1 900347
2 282500
1 870996
1 70646
2 603405
1 331979
1 499988
1 698515
1 76042
2 351933
2 321369
2 1000345
1 834605
2 861058
1 143826
2 788562
2 340978
1 790662
1 39853
1 606563
2 376231
1 1002109
1 557218
2 732212
1 750772
2 382442
1 895221
2 569281
1 358436
1 902417
2 729116
2 368494
1 836078
2 438004
1 739221
1 461480
1 515356
1 540084
1 357686
2 392235
2 65415
2 119894
2 712326
1 606705
2 56141
1 510905
1 938412
2 285352
2 574883
1 394860
2 74771
2 583497
1 327604
1 666939
1 553862
2 291883
2 560509
1 105198
2 765335
2 452257
2 617982
2 793277
2 268413
2 409240
1 1010574
2 30379
2 333914
2 673109
1 308620
2 525222
1 623798
2 243148
2 605905
1 888782
1 527618
2 717155
2 479591
2 268532
2 727688
1 740523
1 259928
1 136143
2 614860
2 882764
2 909434
1 336107
2 281063
1 375235
2 753591
1 737808
2 821749
2 705892
2 693700
1 413893
2 717316
1 1013561
2 391892
2 221828
1 853122
2 69708
2 129206
2 325468
1 326391
2 378203
1 929590
2 402167
2 558708
2 1005138
2 370508
1 676830
2 537676
2 470843
1 1043388
1 650123
2 140596
2 990186
1 258517
1 715170
1 23906
2 13066
1 329831
2 337393
1 193125
1 962508
2 719759
1 530541
1 1007099
2 483762
2 849015
2 281675
1 753636
1 263706
2 586280
1 14252
1 413198
1 484742
1 33715
2 639626
2 141106
1 180962
2 605341
2 500666
1 122850
1 540891
2 62378
2 686884
1 475343
1 922248
2 367421
1 754383
1 658387
2 314364
1 545752
1 950569
1 223261
2 455270
1 615051
1 111412
2 279570
1 411079
2 221553
2 147606
1 846010
2 411969
1 364327
2 886773
1 944222
1 284134
2 303207
1 836959
1 386821
1 770504
2 560578
2 958136
2 881521
2 803742
1 831102
1 670809
1 986779
1 108147
2 73188
2 570225
1 15412
2 733074
2 662770
1 82276
2 383898
2 649892
2 271202
1 653176
2 335613
2 295382
1 679392
1 327916
2 128188
1 688231
1 318185
2 825060
1 495478
2 719520
2 69767
2 82569
1 859355
2 41433
1 980310
2 791095
1 977207
2 69981
2 833241
2 907316
2 989281
1 386341
1 181831
2 560564
2 320555
2 307401
2 773172
1 303393
2 494226
2 277200
1 756342
1 840954
1 336438
1 169928
1 757601
1 858068
2 844758
1 64494
2 802422
2 811090
1 950235
2 906253
2 725568
2 198724
2 108967
2 380549
2 128348
2 700023
1 618441
1 914425
1 612163
1 871351
2 103817
1 58285
2 837852
1 111501
2 512994
2 272134
2 17611
1 503966
2 9250
1 35599
2 440361
1 297232
1 148541
2 746144
1 752915
1 475140
2 124893
2 514851
1 839370
1 1011840
2 915325
2 945295
2 553927
1 118670
1 460415
1 199184
1 620123
2 82556
1 109271
1 483649
2 221371
1 772120
1 106859
1 95335
2 836855
2 323486
1 77916
2 331548
1 941294
2 773072
1 875643
2 211973
1 265945
2 799754
2 671077
2 909013
2 909677
1 134749
2 690523
1 18368
2 920187
2 158136
1 553565
2 445082
1 145
1 591341
1 897030
1 376264
2 442735
2 686805
1 482548
2 715323
2 542850
1 20857
2 786701
1 237238
2 473259
2 14770
2 710690
1 519007
2 683792
1 517975
2 1029912
1 686171
1 533355
1 520864
2 975352
2 401433
1 988820
1 647054
1 337477
2 131172
2 578202
1 79980
2 390879
2 646021
2 186024
2 885361
1 987739
2 132970
1 847768
1 934374
2 582341
1 905895
1 56250
1 935478
2 71135
2 730770
2 507798
2 278690
2 613787
2 702868
1 414555
1 614105
1 273911
2 430587
2 577923
2 240698
2 813709
2 462193
2 331318
1 618904
1 581028
1 994658
1 843755
2 869975
1 489094
1 286004
2 913089
1 79283
2 24333
1 972521
1 425788
1 743315
1 67154
2 1014610
2 212517
1 269840
1 853925
2 519507
1 507248
2 991618
1 436631
1 713517
2 970901
1 920306
1 1010843
1 32705
2 596319
1 1017182
1 630796
1 518316
1 295803
1 608466
1 423238
1 624721
1 935839
2 213323
2 388419
1 474109
1 277305
1 761003
1 1030280
1 260250
1 616884
1 727714
2 673240
2 276316
1 767527
2 847797
1 417607
1 794357
2 355135
1 834937
2 756287
1 1003770
1 731107
1 513695
2 806409
2 1023719
2 38089
2 541749
1 59284
1 870274
2 69658
2 43221
2 15181
1 440367
1 277925
2 829692
1 826679
1 707391
1 476551
2 936089
1 710757
1 719732
2 576631
1 455248
1 947775
1 581239
2 886669
1 942354
2 425585
2 996906
2 625440
1 549478
1 759614
1 744957
2 43469
2 401704
2 22049
2 1021058
1 755419
1 453028
2 1009602
2 682409
1 289884
1 856102
2 469817
1 38976
1 114829
1 749344
2 175946
1 13821
2 685102
2 556332
2 949827
1 1002047
2 633955
2 754031
2 49578
1 767739
1 541079
2 903937
2 348837
1 520232
1 645580
2 888655
1 189337
2 119640
1 952757
1 295863
1 611934
2 328232
1 387906
2 134895
1 301325
2 860672
2 683345
2 755108
1 254713
1 853127
2 740224
2 44295
2 523790
2 67010
1 973356
2 841947
1 191349
2 895837
2 645355
1 366145
2 386662
1 368988
2 897585
1 989460
2 810607
1 673333
2 678645
2 269222
2 198418
1 772373
2 182956
2 555595
2 920757
1 790152
1 1008759
1 655578
1 159701
1 110980
2 550634
2 797582
1 672395
2 553894
1 835784
1 649831
2 337867
1 882827
1 504495
2 878730
2 270782
2 943289
2 941881
1 985917
2 471170
2 621965
1 116469
2 487230
1 481998
1 339860
1 242995
1 434845
2 41825
1 313756
1 396542
2 717850
2 684242
1 10969
2 628678
2 751612
2 309779
1 220859
1 922322
1 1043828
1 65808
2 380409
2 680550
1 1032908
1 298385
1 17145
2 689342
1 213552
2 877026
1 754448
2 43468
1 386988
1 407663
1 631907
2 247444
1 467147
1 258686
1 974123
1 67465
1 50975
2 934970
1 140358
2 388274
1 797945
2 58003
2 785875
2 744226
1 800263
1 986601
1 288083
1 977486
2 130302
1 975943
1 90931
1 595472
2 200432
2 933230
1 639863
2 783705
2 123808
2 938952
2 798687
1 507274
1 781608
2 659086
1 223558
2 283636
1 139642
2 991430
1 392050
2 682158
1 877779
1 216765
1 1035341
1 735845
1 1039079
2 649791
2 274456
1 75125
2 473472
1 603614
2 770862
2 435611
1 32196
1 276934
1 741127
2 698146
2 763735
2 911315
2 856535
1 874062
1 648392
1 68132
2 454123
2 308379
1 376322
1 753053
2 279036
1 789073
1 790604
2 657348
2 429386
1 379516
2 121659
1 645486
2 204680
2 773357
1 1039156
2 493075
1 804808
1 134752
2 761882
2 372135
2 289762
2 989017
2 191883
1 153349
1 789131
1 135635
1 608802
2 562260
1 92558
2 27570
2 665370
1 749040
1 1040470
2 125335
1 536198
1 267583
1 919962
2 718608
1 508384
1 879781
2 731789
1 307072
1 403894
1 392765
2 373216
1 916233
1 38128
2 216377
2 649093
2 968072
2 93174
1 826417
1 615780
1 674446
2 427120
2 868070
2 908630
1 911387
1 177456
1 454876
2 980712
2 807454
2 1043672
1 47530
1 881552
2 1033749
2 400387
1 200855
1 211942
2 207721
2 790804
2 995930
2 274332
1 297265
2 32214
1 197927
2 691159
2 820184
1 393123
2 257901
1 746053
1 851625
1 377599
1 363922
1 293638
1 277373
1 429150
2 820232
2 1003080
1 163957
1 853950
2 635507
1 855654
1 127991
1 871834
1 304800
2 127489
2 927307
1 685690
2 1047436
2 873044
1 431138
2 80585
1 446855
1 165452
1 980173
1 654077
1 814779
1 876248
2 1014195
2 752886
1 924345
1 439511
2 183037
2 689989
2 678748
1 931858
1 38743
2 489322
2 679899
1 991609
2 494751
1 471568
2 358002
1 19901
1 770313
1 1047850
1 116864
2 536947
2 146853
1 728642
1 348323
1 261162
1 753087
1 389367
1 491342
1 838722
1 400198
1 506650
2 250327
2 893583
1 229049
2 718279
2 310698
1 417409
1 679760
2 535775
2 78803
2 1039556
1 614095
2 781460
2 81816
2 122772
2 833462
1 820890
2 353529
1 607423
1 550897
2 714170
2 10954
1 786162
1 749247
2 356489
1 611288
2 338585
1 639897
2 592599
1 893849
2 425776
2 288649
2 299317
2 126481
2 355473
1 453946
1 241313
1 878571
2 964095
2 623517
2 597760
2 261393
2 111208
1 682621
2 215359
2 358146
2 599876
1 796011
1 247869
1 898153
1 942766
2 470145
1 992648
2 270322
1 7346
2 470685
1 449832
2 674053
1 107576
1 45485
1 626249
2 371464
2 574637
1 784384
1 586548
1 510936
1 586837
1 113255
1 580688
1 292155
2 557702
1 229832
1 468318
1 255588
1 649580
1 711706
1 292546
1 536800
1 493451
1 940316
2 986297
2 380155
1 193839
1 139900
2 819110
2 508512
1 907336
1 436113
2 528981
2 8484
1 6588
1 924163
1 329188
2 266507
2 683679
1 318678
1 1041830
1 512411
2 194118
1 738886
2 972054
2 867814
2 458969
2 636077
2 341091
1 528690
1 557388
1 581048
1 498723
2 126931
2 979548
2 461988
1 814849
2 1017479
1 238248
2 479049
2 203372
1 210089
2 1033012
1 956402
2 884479
2 553616
1 920553
2 1019791
2 1027719
2 515628
1 365661
1 794170
1 1035562
1 804832
1 223854
2 428134
1 762785
1 746613
1 662630
2 250738
2 605743
2 976435
1 370668
2 376723
1 447053
2 929842
1 568870
2 399623
1 148868
2 277186
1 541149
1 47483
2 313896
1 878711
1 67760
2 235793
2 161238
2 991400
2 457132
1 702212
2 785331
2 7866
2 902972
2 623714
2 408958
2 752072
2 200914
1 767474
2 618002
1 630346
2 481113
1 160491
2 967153
2 76661
2 109813
1 680204
2 946975
1 425987
2 261821
2 25953
1 137722
1 74559
2 293236
2 98360
1 144620
2 815476
1 480007
2 985147
2 607620
1 52171
1 68722
2 174991
2 210082
1 385352
1 301583
1 563995
1 309410
1 959813
1 259270
2 108595
1 123838
2 906427
2 177657
2 855372
2 986191
1 1010463
1 407513
2 748937
2 1002040
2 837261
1 167487
1 842529
2 153543
2 655010
2 32986
2 580857
1 548564
1 163488
2 311328
1 767045
2 729149
1 591438
1 95961
2 199927
2 572160
1 316390
1 160725
2 626129
2 1026728
2 132726
2 954107
1 315112
2 534334
1 41248
2 843600
2 442686
1 392225
2 564404
1 202150
2 810132
2 788946
1 596272
2 1017264
1 57821
2 527493
2 1028153
1 195891
2 964295
1 836538
2 957269
2 723397
2 27472
2 896246
2 135381
1 314404
2 1023786
1 659302
2 111775
1 305775
1 522932
2 781762
1 772877
1 254777
1 339709
1 195031
1 613076
1 699689
1 703093
2 117465
2 890956
1 762860
2 527292
1 755792
2 409451
1 116405
1 673008
2 11535
2 56564
1 395825
2 696222
2 954265
2 847066
1 965610
1 535437
2 702767
1 624584
2 658790
2 732093
1 758916
2 622917
1 1009613
1 739865
2 862544
2 791504
1 519040
1 880409
2 569778
2 893346
2 581470
1 267724
1 145623
1 207029
2 160699
2 16302
2 485085
2 932707
1 786158
1 128442
2 706619
2 3578
2 857263
2 264297
1 475330
2 945049
2 1028755
1 610031
1 94157
1 346601
2 209630
1 344119
1 457210
2 898012
2 588032
1 266962
1 597273
2 357144
2 81850
2 495010
1 540008
1 630201
1 618835
2 907312
2 220308
2 571988
1 410445
2 800031
1 230536
1 960123
2 228325
2 211995
1 185539
2 694307
1 471147
1 41380
1 872423
2 439575
2 658769
1 110242
2 280341
1 428917
1 343974
1 339027
2 172998
2 1040326
2 706668
2 544624
2 115781
1 526457
2 428288
2 680506
1 783216
2 172950
2 160867
2 256702
1 546261
2 198810
2 838314
1 370746
2 193446
1 247750
2 228528
2 972134
2 908500
2 414954
2 490398
1 571941
2 241662
2 431860
2 765642
2 446480
2 553890
2 686816
1 959240
2 88895
1 252873
1 717805
2 847969
1 610152
1 684996
2 802440
2 69982
2 34244
1 461392
2 286789
1 9724
2 918129
2 397987
2 405324
2 347693
2 447889
1 623594
1 312496
2 728083
1 334879
2 1036029
2 797764
2 583338
2 230384
1 755493
2 502622
2 147414
1 981301
1 614868
2 630375
2 976876
1 388108
2 91531
2 957352
2 649917
1 494890
2 412750
2 694335
2 422361
1 820632
2 850811
2 708470
2 443879
2 161826
1 172795
1 910204
2 323756
1 276995
1 535901
1 707148
1 128604
2 694518
1 912422
2 527030
1 619621
1 544614
2 524030
2 102419
2 803936
2 427973
1 555001
1 425752
2 255982
2 486228
2 188037
1 423331
2 447992
2 723925
2 367133
2 955582
1 264447
2 875969
1 71883
1 901314
2 310931
2 282894
2 227908
2 954579
2 107375
1 1010899
2 39867
1 812628
1 1024560
2 752349
1 646588
2 834739
1 377914
2 1021365
2 736801
2 526294
2 493384
1 920426
2 485992
1 273224
1 519761
1 184861
1 799530
2 742593
2 483769
2 20866
1 668812
2 815887
1 543939
1 611432
1 284884
2 233692
2 377521
2 79597
1 816263
1 860889
2 880898
1 1035140
2 8701
1 338463
2 865270
2 758416
2 396273
2 104475
1 577600
2 754730
1 515584
2 920106
2 125859
2 927826
1 145970
2 979826
1 761955
2 510840
1 969253
2 160966
2 696876
2 285492
1 364805
2 111118
2 124572
2 282132
2 584772
1 616462
1 681887
2 391266
1 54671
2 212399
2 443253
1 226779
2 338366
2 695040
1 629664
2 231150
1 122033
2 963314
2 365587
1 108514
1 781203
2 617248
1 622557
1 219939
2 1036009
2 329100
1 526461
1 990311
2 833886
2 277482
1 360789
1 174652
2 48407
2 357096
2 85578
2 135519
1 781766
2 371014
1 480602
2 621527
2 840836
1 511798
1 497459
2 901950
1 27432
2 819518
2 695421
1 1015784
1 71231
2 540413
1 597748
2 992453
1 341319
1 686476
1 986887
2 348889
2 913800
1 36980
2 224329
2 784748
2 703700
2 711261
2 579606
1 1004744
2 183690
1 246058
1 1005244
1 389235
1 222281
2 816533
2 51561
1 930365
2 791121
2 936506
1 299985
2 101346
1 562902
1 355698
1 758291
1 553001
2 596914
2 305426
1 508220
2 393992
2 640568
1 720100
1 361922
2 201795
2 110532
1 647088
1 705540
1 843901
2 827532
2 840761
1 805956
1 157853
1 39517
1 9876
1 445031
1 719914
1 669558
1 17555
2 927192
1 813565
1 475378
1 510250
2 571095
2 1034004
2 441393
1 888208
2 246784
2 534791
1 17199
2 599418
1 636989
1 28054
1 1019635
1 159444
1 942028
1 745021
1 927414
2 428693
1 763768
1 84176
1 325428
2 573526
2 475119
1 771929
1 500513
1 627187
1 873742
2 172962
2 945720
1 894
1 892325
1 66017
1 607225
2 983634
2 77854
2 622547
1 68905
2 303352
2 208735
1 15617
2 123540
2 526370
1 806477
2 124224
2 289922
2 504005
1 846165
1 861969
1 468700
1 73754
2 897263
2 94513
1 54320
1 952876
1 654213
2 214284
1 228431
1 123572
1 205088
2 1000528
2 639892
1 449173
2 768291
1 217301
1 740789
2 320324
1 347218
1 502420
2 678680
2 825108
1 714982
1 1581
1 630999
2 855574
2 379701
2 888441
1 194957
1 624312
1 553142
2 227624
2 849961
2 435898
1 21160
2 562156
1 50023
1 258900
2 600847
1 316216
1 891403
2 679786
2 83865
2 859077
2 1011078
2 235813
1 710209
1 858116
2 355238
1 490541
1 97316
2 390368
1 1030333
2 851927
1 111120
1 160704
1 351313
1 730832
1 784898
2 261504
2 156537
2 447187
1 504445
1 284701
1 686353
2 226413
1 833773
2 220487
2 240939
2 534107
1 505348
1 80442
2 255797
2 480782
2 709398
2 699344
1 478353
2 16315
1 548139
1 376716
2 683933
1 279211
2 880986
2 1004127
2 482956
1 143974
1 475565
2 8646
1 961793
2 152847
2 558325
2 722942
1 649150
2 680275
1 314643
2 110815
2 811275
1 28113
1 716672
1 197255
1 574269
1 544881
1 795018
2 303380
1 344306
2 987335
2 401456
1 271799
1 695058
1 233955
1 236556
1 450458
1 427914
1 427371
2 1042750
1 999942
1 1000810
1 54245
2 606150
1 555984
2 388042
1 584368
1 974247
2 230156
2 1010006
2 524914
2 280443
2 415048
2 773689
2 230313
1 428259
1 373243
2 44851
2 754615
1 315729
2 491825
2 724581
2 205064
1 461008
1 644977
2 27383
2 993573
2 883428
2 489255
2 931735
1 846951
2 739921
1 812934
2 130646
1 359784
1 278966
2 133281
1 663197
2 771281
1 102769
1 1042755
2 549702
1 533669
1 452972
1 608584
2 41694
2 267669
1 864057
1 13494
2 714761
2 294346
1 20855
2 281392
2 953933
2 767836
1 951115
1 87529
2 775332
2 463966
2 928052
2 411446
2 728046
2 629522
1 483052
2 998680
2 276955
1 416349
2 284892
2 1005005
2 686984
1 881202
1 789605
1 62869
1 880078
1 367254
1 841159
1 351202
1 354248
1 1020688
2 420979
2 1037662
1 363413
2 85907
2 158172
1 797442
2 330502
2 606809
2 887634
1 412555
2 25573
1 211622
2 284340
1 789618
1 755964
2 712325
1 387598
1 344761
1 826741
1 466316
2 577792
1 376508
1 518003
1 471294
2 597142
2 186071
2 207598
1 915068
2 873886
1 1001348
1 999720
2 53896
2 620291
2 884725
1 374668
2 699107
2 1003938
2 1006831
1 182182
2 634962
2 722948
2 937702
2 80983
2 228826
1 860638
2 903577
1 776719
2 124516
1 788270
1 571082
2 498460
2 413073
1 52193
1 90607
1 627067
1 278204
2 612769
2 77796
2 694545
1 952809
1 937904
1 91606
2 418029
2 737127
1 310123
1 507936
2 730938
2 944765
2 513034
2 696450
1 393765
2 645094
2 425607
1 682521
2 75220
1 752385
2 144669
2 957740
2 394696
2 224375
2 17164
1 184683
1 818026
1 41322
2 208265
1 323206
1 907040
2 685094
2 1028666
1 832316
1 848189
2 323536
2 723407
2 805288
1 360102
1 839318
2 667108
2 632820
2 943834
1 786542
2 1023269
2 212915
1 886503
2 761799
1 321412
2 813416
2 902288
2 333757
2 777079
1 353399
1 869498
1 998409
1 399180
1 37272
2 546876
1 987734
1 1046635
1 744836
2 821759
1 738737
2 209008
2 385394
2 725763
1 1009249
2 720006
1 908961
2 122948
1 934824
2 739334
1 815841
2 817426
2 123021
1 963964
2 415623
1 376210
2 156375
2 463245
1 27642
1 39964
1 452102
2 843962
1 1018984
1 537206
1 406666
1 863189
1 631753
2 75442
1 252642
2 645962
1 781691
1 748743
1 808398
1 1031279
1 955180
1 762310
2 180637
2 335762
1 827140
2 1022549
2 795844
1 605230
2 38914
1 1029146
1 727923
1 264919
2 988353
2 412024
1 68118
1 218873
1 988915
2 798638
2 421885
1 280117
2 1046526
1 817958
2 155919
1 853746
1 822307
1 572810
2 352771
2 1030615
1 759024
1 451413
1 806620
2 870712
2 1030338
1 281899
1 728594
1 778013
1 590050
1 509087
2 271723
1 311546
2 1016715
1 276751
1 828055
2 570388
2 724006
1 173176
2 266623
2 653052
2 930826
1 129518
1 69549
2 23894
1 884940
1 572
1 395368
2 357460
1 817210
2 167390
2 1037028
2 919882
2 846719
1 1021176
2 903644
2 987575
2 474080
2 117495
2 738764
1 40275
2 140900
2 206966
1 588444
2 304561
1 693383
2 882001
1 453489
1 350178
2 649212
1 421690
1 1037267
1 78689
2 68039
2 289604
2 877472
1 399224
1 896837
1 408482
2 519218
1 154395
2 196224
1 846759
2 520178
2 794101
1 758408
2 1013425
1 79950
2 804271
1 104144
1 366911
2 49338
1 456431
2 782694
2 620779
1 716817
2 41726
1 259297
2 219087
1 551788
2 117346
2 299182
2 700623
2 460787
1 720952
2 963697
1 353831
1 856446
2 1027333
2 546023
2 551885
2 691856
2 372070
2 390151
2 804792
2 864132
2 151128
2 162927
2 9890
1 1011140
1 943135
1 1440
1 229606
2 513071
1 980574
2 661616
2 638325
1 227277
2 554494
1 424207
1 442149
1 883621
1 314316
1 189327
2 166130
1 931449
1 749892
2 866333
1 992949
2 286294
1 354480
1 32331
1 727451
1 241533
1 173614
1 15650
2 838846
2 28141
1 925524
1 958205
2 255810
1 479257
1 392642
2 392597
2 491531
2 444233
1 19409
2 554119
2 496569
2 422418
1 762919
1 167349
2 523736
2 945050
2 150406
2 738661
2 680313
1 878545
2 680495
1 932249
1 14100
2 874345
2 721934
1 67089
2 265941
1 43719
2 57115
1 73212
2 881604
2 732103
2 359720
1 737524
1 368316
2 388383
2 664825
2 523826
1 428893
2 404047
2 884165
2 411858
1 699808
2 187902
2 987990
1 389498
1 825439
1 160740
2 85252
1 895472
2 911184
2 538813
2 623256
2 1029569
1 976187
1 423049
2 129006
1 91950
1 79816
1 782643
2 440484
1 465630
2 154589
1 624119
1 700142
1 863643
1 118501
1 854679
2 644081
1 698606
2 263125
2 157110
1 348600
1 312314
2 497798
2 700482
1 739617
1 405043
1 555670
2 1019141
2 301421
2 31895
1 91545
2 758568
1 911128
1 141905
1 921241
1 285143
2 721414
2 108291
1 210500
2 945430
2 395848
2 965203
1 540953
1 952779
2 767857
2 898190
1 805280
1 451978
1 225037
2 291922
2 510659
2 776456
2 672256
2 881387
1 458181
1 698419
2 42349
2 599809
1 9485
2 810342
1 429366
2 271973
1 1025445
2 857024
2 651508
2 231107
1 49753
1 894060
1 493172
2 66816
2 829716
1 775836
1 269713
2 1031584
1 730100
1 1002416
1 665605
2 628186
2 612119
2 857833
2 168618
1 611202
1 192909
1 217882
2 974710
2 633001
1 405286
2 725052
2 617909
1 555076
1 520135
1 79016
2 739210
1 700104
1 681531
1 740191
2 724237
1 876962
1 141922
1 838030
1 403813
2 47701
1 754504
1 837848
1 994404
1 743017
1 206284
2 705183
1 1040378
1 333322
1 63193
2 608898
1 886237
2 617878
1 771422
1 410035
1 892228
2 359300
1 8364
2 309870
1 944537
2 952876
2 470979
2 1035996
1 982193
1 874196
2 217536
1 632532
2 464366
2 565358
2 792803
2 778774
2 473700
2 117723
1 894323
1 410294
1 152918
1 19994
2 873064
1 117266
2 734037
1 450562
1 791840
2 395360
1 68425
1 64951
2 547625
1 649737
1 128558
2 89227
1 744274
2 8235
1 732042
2 65258
2 343740
1 455165
2 355834
2 457028
1 77500
2 601288
2 75450
2 1027010
2 858764
2 155154
2 681975
1 661658
2 135316
2 96012
2 305413
1 460873
2 312534
1 507894
2 876849
2 845121
1 78073
1 794951
1 909672
2 822348
1 178223
2 288530
2 592979
1 585129
1 470571
1 762839
2 293808
2 850314
2 443874
1 174307
1 597512
1 819078
1 643989
1 901324
2 487708
2 506243
1 885112
1 555536
1 276458
2 849250
2 375532
1 54851
1 609844
2 610269
1 34051
1 504291
1 409143
2 90502
1 468562
1 551725
2 372513
1 890276
1 514954
2 288679
1 297383
1 171333
1 995602
1 297169
1 183584
1 652709
2 958758
2 314974
2 839736
1 469450
1 507934
2 616285
2 555229
2 261083
1 961943
1 130012
2 603773
2 1024250
2 332042
1 1020777
2 851734
2 411757
2 532303
1 222933
1 103320
2 952039
1 476397
1 913640
1 1031639
1 883299
2 540494
2 628170
2 470488
1 345302
1 749653
1 789204
1 262046
2 722078
1 345414
2 346927
1 51093
2 431560
1 359167
2 766068
2 461038
1 937266
1 530833
1 147120
1 1029492
2 931360
1 455005
1 755932
1 492559
1 569864
2 960698
2 67166
1 73696
1 928998
2 758630
1 268493
1 720913
2 738199
2 578985
2 237467
2 856038
1 812532
1 820203
2 1033534
2 596812
1 878871
2 534444
2 931586
1 707379
1 642035
2 270227
1 696201
2 689928
1 996111
2 881730
2 822327
1 645722
1 485337
1 100795
2 1019705
1 16317
2 650266
2 742937
2 890408
2 637124
1 102059
1 578991
1 87093
2 944749
2 787078
2 221798
1 717921
2 574940
1 855155
2 990973
1 490414
2 834075
1 990555
1 40958
2 87503
1 370457
1 858835
2 145900
1 886744
1 654523
1 655023
2 92629
1 581991
1 835234
1 275624
2 246685
1 338763
2 161430
2 626662
2 88317
2 788241
2 218367
1 630028
1 318359
2 333775
1 931431
1 491700
2 172725
1 917656
1 934704
2 793948
1 591112
1 844623
1 418957
2 968878
2 167672
2 579888
2 149216
1 953598
2 668358
2 934301
1 328316
1 384169
2 591598
1 565007
2 70433
1 997558
1 908497
2 367511
1 688478
1 379556
2 815121
2 512245
1 902356
1 630897
2 651385
1 64592
2 650948
2 960182
1 272280
1 517663
1 634111
2 297523
1 405649
2 316902
1 843138
1 775719
2 654018
1 872371
2 589127
2 896003
1 115666
1 712447
1 550879
2 711175
2 153218
1 545534
2 676825
1 571829
2 1035583
1 78624
2 633650
1 718363
2 198967
2 724109
2 1004400
2 283319
1 855123
2 768974
2 276103
2 942318
2 263048
1 805477
1 509578
1 562058
1 612611
2 864739
2 301176
1 31674
2 236125
2 1011359
1 304196
2 846599
1 986598
2 1010742
2 997656
2 925061
1 905949
2 1015049
2 905132
1 569963
2 202141
1 153671
1 962989
2 717750
1 327860
2 593031
1 283110
1 5562
1 114240
1 982644
1 132565
2 235822
1 956280
1 77001
2 1010120
1 316519
1 760068
1 874671
2 652695
1 955626
2 768174
1 1045919
2 211181
1 506139
2 874573
2 1004839
1 24424
1 409272
1 734930
1 286517
1 257814
1 1022243
2 905148
2 278769
1 889712
2 667900
1 1002365
1 39859
2 81339
1 939629
1 579224
1 380393
1 23941
2 564367
2 962239
1 534905
1 711460
2 132077
2 733866
1 131360
1 987844
2 118158
1 557917
2 517187
1 966281
2 611838
1 694774
2 382908
1 626738
2 578704
2 343344
1 397144
2 784703
2 110096
1 122874
1 391903
2 910394
2 1007686
2 531348
2 840602
1 567262
2 928287
2 282508
1 242962
2 838439
1 566403
2 645331
2 355043
1 42825
2 855589
2 685614
1 404862
1 543252
1 151433
2 742026
2 318920
2 332236
1 853160
1 950992
1 73785
1 735891
1 230242
2 421094
2 247103
2 42938
1 590324
2 657938
2 1038577
1 892334
2 249593
1 523970
2 556180
1 950028
2 349569
2 619990
1 666016
2 437505
1 269938
1 424551
2 486158
2 571200
2 966498
2 744945
1 512649
2 222080
1 711570
1 831346
2 359776
1 378925
1 128218
1 43033
1 955118
1 300070
2 860876
2 282959
1 282991
2 988404
2 578718
2 177908
2 592192
2 144629
1 152528
2 967377
1 595104
1 861964
2 20966
1 821985
1 566904
2 415092
1 230757
1 165386
1 329305
2 1014569
1 381311
2 717059
2 734182
1 963459
2 538018
2 1029366
1 898928
1 115659
1 210197
1 741352
2 1040994
1 453168
2 160456
1 723416
1 299765
1 40637
1 440500
2 57780
2 748371
1 407199
1 68321
1 827633
1 14147
1 627044
2 746725
1 124512
2 615045
1 378995
1 648360
1 1020916
2 1040512
1 2001
2 224744
2 530715
1 939137
2 413245
1 357625
2 444187
1 819026
1 438163
2 126961
2 376233
1 242356
1 530757
2 854337
2 854292
2 396629
2 788753
1 12799
2 400284
2 73170
1 692486
1 313619
1 655769
2 16591
2 771630
1 546700
2 442596
1 654598
1 260662
2 112280
2 214341
2 10465
2 471931
2 560665
2 530131
2 86773
1 15422
2 395536
2 74141
2 152097
1 469348
1 690270
1 160655
1 213418
2 452446
1 1027506
1 1000360
2 406151
1 118510
2 71053
2 887152
1 1009433
1 774536
2 299964
2 971285
1 810285
2 1010867
1 550327
2 362455
2 329010
1 307823
2 667699
2 767169
2 405327
2 121418
2 412388
2 571903
2 817782
2 345409
2 1032676
2 785318
2 862771
2 233245
2 796380
2 550669
1 23094
2 269244
1 1024228
1 934140
1 654573
2 938449
2 469626
1 1001597
1 391475
2 835645
1 359202
1 904368
2 371898
1 672883
2 140353
1 125661
1 435630
1 50006
1 629180
2 423946
2 626391
2 829208
1 606554
1 159821
1 306172
1 574015
2 43894
1 964105
2 15633
2 333134
1 675952
1 298391
1 612295
1 86664
1 499881
1 686960
2 575931
1 310659
2 525457
2 369893
2 1030083
1 730892
2 420771
1 551492
2 118595
1 481523
1 40911
2 268884
2 152037
1 822257
1 344802
1 975239
2 267048
2 165542
2 42554
1 943385
2 742662
1 366135
2 836590
1 1039258
2 37794
2 559557
2 76528
2 595777
1 616208
2 745545
1 749294
2 745547
1 773090
2 147491
1 950018
1 437793
2 890713
1 695781
2 801161
1 973902
2 694430
2 235416
1 469333
2 181788
1 920418
1 198800
2 556785
2 720792
2 414917
2 29175
1 654654
2 351410
2 335019
2 848498
2 883796
2 928520
1 609187
2 915968
1 255929
2 706715
1 715551
2 966102
1 133445
2 581512
2 723795
2 659210
1 471751
2 788150
1 295855
1 294131
2 176622
2 612068
1 911950
1 340958
1 976508
1 57460
2 507544
2 453348
2 1045047
1 632054
1 853621
2 844227
1 321798
2 152396
2 796100
2 195324
1 720739
1 725760
2 501954
1 995678
1 794799
1 856083
1 404795
2 665739
2 383720
2 917371
2 708767
2 845617
1 906565
2 341593
2 328175
2 938358
1 1039848
2 301933
2 492489
2 851089
2 1024274
1 251480
1 448640
1 948573
1 838739
1 920867
1 492255
2 437329
1 1031523
1 910377
2 587861
1 402851
2 522072
2 812984
2 345073
1 464713
2 315396
1 228310
1 603775
2 235813
1 180084
1 269493
2 797317
1 88433
1 846678
1 1048451
1 240324
1 1045676
1 230405
2 546027
1 150641
2 372613
1 909136
2 1040275
1 1041109
1 257104
2 836495
2 64179
2 105073
1 953212
2 491572
2 491351
2 426142
1 793622
1 741408
2 398360
2 815991
2 580312
2 611389
1 106684
2 376607
2 474478
1 719079
2 732861
1 300074
1 808062
1 669717
2 539916
2 833938
1 560590
1 970535
2 318238
1 947190
2 335015
2 1027402
2 548062
1 136084
2 166093
1 1013751
1 1046016
2 952909
1 510627
1 586353
2 4809
1 294594
1 926880
2 817322
2 244309
2 763251
2 385465
2 715573
2 987770
1 507022
1 5588
1 861427
1 682571
2 153090
2 656040
1 14312
2 122013
2 140612
2 192166
1 495812
2 804811
1 141460
1 315883
2 319481
1 370614
1 520047
1 658407
1 343987
2 242969
2 930600
1 177779
2 725359
1 480236
2 64745
2 921416
2 653828
2 388260
2 209018
1 472135
2 210952
2 913371
2 494039
1 4920
2 244755
1 1041066
2 705564
2 514494
1 836242
1 448720
1 779994
1 376715
2 699663
2 572210
1 626076
2 317406
1 737400
1 486598
2 884716
2 531011
1 348850
2 970241
2 806000
1 620402
1 830941
2 679484
2 239132
1 907397
1 60925
2 267798
1 250338
2 256720
1 725354
2 314957
2 987960
2 761276
1 134208
2 323373
1 939641
1 761066
1 908626
1 979555
2 990008
1 34169
1 456694
2 499132
1 77961
2 755969
1 1028985
1 528417
2 602143
1 587160
1 835738
1 1036844
2 305029
1 796630
1 1038015
1 820201
1 803965
1 553987
2 478807
2 849186
1 558197
1 509452
2 200802
2 690261
2 443736
1 976254
1 998155
1 570565
1 944914
2 521039
1 111262
1 843898
1 39184
2 613197
1 162365
2 123302
2 1037605
2 776000
1 397031
2 16328
1 859097
2 609651
1 84892
2 498817
1 1048242
1 633385
1 1037103
2 524912
1 378774
2 908556
2 399174
2 237553
2 86510
2 766863
2 622830
2 687351
1 467845
2 1039262
1 129877
1 417632
2 874740
1 574241
2 118834
2 447847
2 382440
1 470463
1 977871
1 408601
2 823062
1 643324
1 799391
2 376026
2 216988
1 195833
2 291372
2 411645
1 34926
1 371225
2 809248
2 827468
2 818068
1 575607
1 304397
1 1044983
1 1017692
2 907267
2 613879
2 362582
1 394162
1 482654
1 22672
1 492693
1 973891
1 656200
2 498439
2 245581
2 462454
1 168292
1 639639
1 724685
2 507300
1 388882
1 913356
2 440242
2 313200
1 946832
1 860557
2 124178
2 100471
1 167655
1 502774
2 160486
1 625690
2 551994
1 965038
2 6153
2 623964
2 1010456
2 809488
1 995312
1 76088
2 955200
1 360956
1 217258
2 378677
1 904732
2 707278
1 314208
1 308565
2 382217
1 564577
1 906752
2 705836
1 148805
1 711709
2 511474
1 754320
2 303154
1 781616
2 271743
1 1010659
2 663043
2 788176
2 843869
1 610605
1 201474
1 1047940
1 759803
2 1026971
2 696741
1 507668
1 519636
2 507380
2 554167
2 895523
1 796394
1 1040737
2 659112
2 1046873
2 98817
1 1047202
2 503742
2 796890
1 248838
2 403281
1 592762
2 351453
2 844728
1 751000
1 156420
2 574786
2 586191
1 464066
1 504812
1 531880
1 95273
2 184640
2 222429
1 184798
1 517302
1 286565
2 821796
1 334695
1 797260
2 923445
2 947234
2 173409
1 508054
1 1044055
2 817556
1 736725
1 503071
2 202950
2 950960
2 401029
1 389301
1 534071
2 11069
1 1029715
1 714211
1 742793
1 572194
2 22222
2 644100
1 217946
1 821771
2 856074
2 252592
1 678860
2 899709
1 594431
2 801864
2 977539
2 173087
2 311264
1 750335
1 122764
2 458671
2 368292
1 1016442
2 56596
2 256757
2 461190
2 30391
1 60114
2 344264
2 618016
2 7091
1 290885
2 356095
2 618313
2 343662
2 41949
2 212860
1 662394
2 775117
2 390576
2 153830
2 860580
2 591355
2 857202
1 74216
1 415674
1 750739
2 392103
2 812116
2 607026
1 588521
1 719983
2 29883
1 873087
2 584827
2 913198
1 902403
1 594264
1 349346
2 451295
2 30088
2 433208
1 347576
2 15151
1 689333
1 603779
2 958341
2 850223
1 133852
2 894699
2 361186
1 126583
1 633460
2 800407
2 407129
2 648673
1 729320
1 145214
2 852836
1 711117
1 574383
2 107357
2 516968
1 596289
2 823403
1 349294
1 495260
2 876409
2 326365
2 632379
2 317905
2 920633
2 270790
1 857770
1 593153
1 553215
2 745172
1 822562
1 378272
1 135002
2 532968
2 178152
1 426303
1 180488
2 556556
1 871774
2 405868
2 903603
2 303558
1 225107
1 204531
2 982210
1 28421
1 88551
2 768638
1 571771
1 54367
1 490969
2 215914
1 520403
2 802034
1 46256
1 300614
2 1046287
2 934072
1 873981
1 321246
1 449136
1 534279
1 543187
2 906340
2 138314
1 339761
1 649033
1 242831
2 556721
2 199767
2 574097
2 583709
2 482382
2 681706
2 450876
1 441830
1 582805
1 633081
1 1032275
2 430813
2 911467
2 577591
2 667219
2 991202
1 473631
2 191009
1 182387
1 749418
1 180759
2 115292
2 461443
2 495871
2 754919
2 310371
2 553646
2 49587
1 365007
2 87411
2 443097
1 760629
2 391965
2 976578
1 596264
1 356089
2 160139
1 330058
2 762101
2 456250
1 1011913
1 435305
1 820836
2 411511
1 920103
1 822518
2 308087
2 588665
1 380071
1 229663
1 287952
1 945357
1 665500
1 245942
1 771849
1 839437
2 651670
2 419136
2 357494
1 270767
1 79541
1 537204
1 697601
2 82516
2 993491
1 113563
1 102485
2 616719
2 161903
1 143793
1 976456
2 938005
2 832297
1 444871
2 219985
2 140129
1 46115
2 590152
1 546397
1 983018
1 821904
2 713321
2 379975
1 937179
1 751046
1 1004532
2 520636
1 160914
1 179869
1 563917
1 140012
1 1013310
1 998799
2 169142
1 139174
2 843305
2 748852
1 191675
2 337200
1 326850
1 1032099
2 773095
2 429475
2 627231
1 606988
2 1011996
1 465467
2 450441
2 235680
1 591903
1 621186
2 399660
1 311007
1 524931
1 821410
1 264524
2 302326
2 302974
1 214059
2 269315
2 498548
2 390528
1 988329
2 331407
1 409296
1 530270
2 226659
1 180796
2 564977
1 1015248
2 302273
2 814371
1 21726
2 396511
1 183887
2 812284
2 908940
1 501500
1 694020
2 374103
2 682666
2 884772
1 97211
2 671924
2 560958
2 442610
1 201787
2 734604
2 977306
2 665731
1 1010806
1 632230
2 85708
1 159691
2 405557
2 689544
1 942881
1 301768
2 639334
2 702478
1 258265
2 46735
1 165416
2 721074
2 223637
2 120114
2 178033
1 472935
2 133638
1 686934
1 708248
1 943451
1 628475
1 793747
1 250827
2 427763
1 25255
1 857916
2 538492
2 173054
1 276820
2 69275
1 358541
2 769965
2 945458
2 356392
2 757678
1 136360
2 787424
2 863593
1 673009
2 965666
1 435119
1 145798
1 268989
1 497344
2 132714
2 592935
2 4251
1 417865
2 740460
1 326216
2 560762
1 845934
1 591083
2 118499
2 160873
1 951239
1 1019799
2 741128
1 62808
2 293878
2 1022873
1 137135
2 119263
1 1038498
2 879780
2 725095
2 34339
2 402160
2 1041947
2 281814
2 434611
1 235809
1 728895
2 471039
1 356139
1 761769
1 851442
2 1007825
2 270329
1 797183
2 148075
1 738430
1 342780
1 1019326
1 979201
1 426792
1 387473
1 549245
2 586319
2 424478
2 1379
1 250876
1 721873
2 340307
1 489609
1 1033710
1 466496
2 42689
1 80318
2 501076
2 51035
1 463826
2 139289
2 808871
1 56188
1 231419
1 218400
1 148155
2 807366
1 977664
1 761992
2 220821
2 617382
1 739218
2 68314
1 625388
2 745584
2 238776
2 649877
2 280151
2 828775
2 556977
2 469016
2 184248
1 805634
2 68382
2 281611
1 137567
1 272674
1 778029
1 729470
2 813378
1 283484
1 129844
1 789628
2 666546
1 121854
2 922668
1 958101
1 594204
2 938773
2 989647
1 597004
2 1034193
2 473527
1 411181
1 664565
1 611069
1 393083
1 143130
1 793928
2 268484
1 626831
1 797632
2 941737
2 355358
1 980469
1 186549
2 639633
2 790502
1 955021
2 579894
1 208226
2 303766
1 694513
2 926464
2 588974
1 563646
2 187947
2 557815
2 901456
1 206088
2 192278
2 300294
2 641731
2 58451
2 135218
2 689406
1 748966
1 160598
1 301180
2 635383
1 426288
2 504281
2 122159
1 794932
1 938410
2 333935
2 1040362
1 224451
2 38535
1 615050
2 41546
2 175171
2 973442
2 217023
2 758317
1 248073
1 359959
2 401536
2 791022
1 757137
1 574114
2 917856
1 791483
2 137130
1 585475
1 837726
1 649962
1 713587
2 465209
1 450181
2 691935
2 759216
1 102548
2 6868
2 50556
2 890813
1 508564
1 320185
1 224986
1 806351
2 840950
1 926491
1 136914
1 967390
2 1007275
2 1041679
1 575221
1 245481
2 576238
1 206553
2 339806
1 485173
2 546173
2 102082
2 113644
2 36291
2 638465
1 887859
2 621865
1 303489
2 75456
2 89323
1 261671
2 1019393
1 67238
2 996541
2 896040
2 203291
2 415282
2 938050
2 754913
2 395924
1 926769
1 191233
1 483685
1 788584
1 644561
2 982587
1 263514
2 609941
1 397257
1 408764
1 617476
1 778295
1 457255
1 194299
2 100042
2 908930
1 926199
2 139913
1 641771
2 992433
1 582506
2 962861
2 918061
2 1022971
1 486869
1 65547
1 676942
1 689457
2 595166
2 482810
1 672938
1 65604
2 191581
2 1039418
1 956993
1 160136
1 770456
2 276168
2 393687
2 200822
2 198749
2 971279
1 386346
1 447588
1 1046486
1 306876
1 422440
2 466891
2 802983
2 734449
2 837621
2 587599
1 491299
2 69509
2 515785
1 367276
1 180438
2 897162
1 579303
2 825243
2 572296
2 148737
1 550952
2 51758
1 834999
2 127734
1 440613
2 970255
2 328152
2 612081
2 988183
2 67521
1 595797
1 948378
2 104817
2 736457
1 58231
1 259481
1 678101
2 1028568
2 891273
1 232910
2 133400
1 260789
2 715152
1 625393
1 410129
1 78475
1 650134
2 876718
2 801195
1 209496
1 827897
1 375667
1 466368
1 408405
1 1015537
1 622186
2 846603
2 275417
2 588856
1 568697
2 1010395
2 579348
1 755674
2 83525
1 490689
2 180585
2 963802
1 372509
1 644847
2 821036
1 498254
2 157541
2 503677
1 929984
2 344693
2 620431
2 414419
1 836148
2 934122
2 391912
1 428513
1 119545
1 184659
2 1039841
2 571477
1 408547
2 876904
1 209902
1 240271
2 458127
2 952760
2 48140
1 59244
1 782841
1 335874
2 921541
2 857766
2 328457
1 425348
1 66300
1 585753
2 1046198
2 781419
2 25263
2 445953
1 144045
2 1002862
1 391093
2 909728
1 594395
2 230955
1 247286
1 816163
1 554566
1 709240
1 17536
2 746022
1 757523
2 269297
1 922450
2 1037913
2 861802
1 200924
1 899941
1 322968
2 228632
2 695451
1 676814
1 1030492
1 866170
2 49991
2 217494
2 123913
1 601765
1 668271
1 869716
2 358655
2 716347
1 721805
2 1039090
1 307933
1 328879
2 367638
2 758283
2 456847
2 706118
2 143423
2 861082
2 820016
2 539101
1 280317
2 734680
2 86048
2 123694
1 1020433
2 467596
2 607845
2 879691
1 553111
1 578055
2 1009311
1 611021
2 317485
1 413081
1 726933
2 444904
2 495211
1 377360
1 411867
2 925430
1 843997
1 933190
1 585897
2 428043
1 645913
1 918707
1 176677
2 244793
2 727654
2 976586
1 363408
1 61900
1 422455
1 530415
2 690955
2 580523
1 75890
2 934586
2 363615
1 159773
2 1024665
2 736154
2 231680
1 31658
1 246599
1 306933
1 1022408
2 989438
1 344034
2 102853
2 155003
1 457426
1 694845
2 103098
1 538262
1 178598
1 334269
1 826008
1 663475
2 48775
1 25921
1 785074
1 14328
1 182712
1 57376
1 571825
2 529819
2 237993
2 252577
2 849983
1 910821
2 330096
2 611896
2 644817
2 65754
1 52073
1 753211
1 870
1 593343
1 67966
1 327213
2 509161
1 91685
2 5087
1 621162
1 50062
1 302620
1 942841
2 371810
1 621953
2 949009
1 749720
2 607873
1 915386
1 527537
2 593187
2 602198
2 711343
1 999065
2 969055
1 871911
1 244211
1 510996
2 437957
2 289087
2 978925
2 962835
2 503643
2 444442
2 460230
2 634342
1 880909
1 325478
2 534208
2 570353
2 870207
2 562433
2 862165
2 867678
2 661598
1 548104
2 933061
2 303355
2 735303
1 638724
1 6419
1 127620
2 836735
2 537224
1 1024036
1 681271
1 59971
1 800809
1 17831
2 472480
1 38542
1 470585
1 49115
2 1008345
1 344109
1 141531
1 122352
2 289553
2 710776
1 266924
1 198470
2 887531
2 371190
2 278603
1 438548
2 418890
2 480133
2 492924
1 783226
2 95367
2 373042
2 393143
2 93732
1 744087
2 354195
2 168037
2 69667
1 942891
1 790579
1 277657
1 1019254
1 102130
2 14676
1 982273
1 114889
2 920610
2 39127
2 59982
1 358571
1 733286
1 633282
2 544662
1 901760
2 47220
1 940722
1 442388
2 834032
2 545160
1 298971
1 743420
1 725742
1 535836
2 590624
1 816883
1 655479
1 231073
2 166472
2 628908
1 812889
2 111657
2 312305
2 1002042
1 692884
2 169797
1 891094
2 224518
2 129131
2 116162
2 741532
1 142003
2 543126
2 943137
2 99299
2 632285
2 545569
2 982522
1 910196
2 233861
2 471684
2 795598
2 936037
1 431226
1 539545
2 173367
1 229004
2 141204
1 709768
1 627888
1 1002008
2 601892
2 212646
1 371369
1 903298
1 479015
1 1045334
2 302875
2 920505
2 363408
2 339358
2 308706
1 82758
2 299651
2 695472
2 286331
2 455550
2 784059
2 70678
1 732485
2 945832
1 256271
1 673397
1 1035939
2 523667
1 500945
1 318406
2 522762
2 394175
1 545492
1 855475
2 916122
2 352688
1 495306
1 1027423
2 817275
1 346114
2 619480
1 466328
2 975310
2 308672
1 926197
1 657071
1 847746
2 276397
1 116871
1 554722
1 821967
1 467444
1 1034488
1 444704
2 37985
2 201797
2 3942
1 548115
1 1026663
1 411744
2 252714
1 714372
1 722218
1 297377
1 582934
2 1038474
1 1040652
1 622052
2 887392
1 115127
2 393513
2 602904
1 129356
2 76818
2 563682
2 98235
1 207753
1 390079
1 309880
2 636212
1 718440
2 1033925
2 613117
1 864964
1 228981
2 980762
1 269789
2 57034
1 802721
1 154182
2 490296
2 17788
1 862578
1 86826
1 290864
2 524319
2 501927
1 446274
1 667449
2 570042
2 603459
1 876115
1 268013
1 289843
1 312304
1 214684
2 827677
2 787036
2 580117
1 707157
1 547672
1 1016773
1 789573
1 534009
1 560953
1 857608
2 591566
2 454185
1 649502
2 536142
2 316406
1 515628
2 483525
1 835170
2 752797
1 2166
2 721530
1 476021
1 819677
2 742539
2 148029
2 540623
2 607161
1 26726
2 20997
2 274148
1 247802
1 921872
1 906134
1 233188
1 72504
2 447543
2 1012940
1 855777
1 808756
1 676368
2 156250
2 556264
1 930307
1 254482
2 235005
1 363023
2 468529
2 178567
2 64172
2 689279
2 335543
1 400078
1 942932
2 475679
2 733793
1 835451
1 332513
1 702291
1 646568
2 43488
1 646546
1 1010491
2 703320
1 735766
2 881451
1 1030597
1 1042059
2 619506
1 173380
2 872506
1 269079
1 909360
1 66655
1 938455
2 792542
1 733162
1 237698
1 58507
2 95691
2 338711
1 828732
1 249433
2 784017
2 204866
1 950165
2 46518
1 432450
2 3013
1 301143
2 608487
2 804410
1 1015122
2 1046215
1 54714
1 828623
2 416250
1 991307
1 481344
1 106268
1 725002
2 798448
2 42998
2 829287
2 618990
1 592441
2 252248
1 923761
2 985923
1 566760
2 50399
1 966632
1 690350
1 606513
2 187889
1 589261
1 656463
2 885743
2 908301
2 917770
1 715400
2 78443
2 79771
2 703465
1 831247
2 519096
1 128272
1 165697
2 237600
2 830488
1 566089
2 227192
1 469581
2 823705
2 622975
2 427938
2 878343
1 743833
2 279375
2 629957
1 671420
2 4222
2 188673
2 905934
1 43261
2 562757
1 1020308
2 322761
1 762616
2 636219
1 131361
1 1043387
2 897535
2 630295
2 602926
2 828189
2 579075
1 291244
1 566664
1 595246
2 596324
2 861052
2 968949
1 472469
2 515132
2 230321
1 285660
1 853796
1 650214
1 290421
2 276714
1 539569
2 1020889
1 362698
1 693066
2 885465
2 129466
2 666593
1 311322
2 415766
1 525171
1 155257
1 517024
2 544334
1 976700
2 755469
1 533655
2 507012
2 299161
2 324559
1 949001
2 732350
2 529689
2 739863
2 881434
2 630836
1 373093
1 427535
1 645958
1 746850
2 978823
2 985239
1 221259
2 543880
1 806796
2 263097
2 411803
2 687974
1 214661
2 556717
2 653470
2 892242
1 334086
1 330266
2 131735
1 477426
2 632754
1 71548
2 433517
2 55435
2 691774
2 304496
1 321885
1 1001647
1 904810
2 918346
2 642985
2 935463
2 927989
1 319697
1 875258
1 484713
1 441004
2 490818
1 583344
2 455778
1 499026
1 731637
2 751558
2 342581
2 57277
1 196434
2 567786
1 542638
1 546040
2 479807
2 104581
2 357956
1 956952
1 537921
1 736463
2 625887
1 897948
2 196729
2 537375
2 751573
2 740253
2 660092
1 286510
2 876222
1 934688
1 1019926
2 304465
2 627927
2 275536
1 50760
1 388632
2 702843
1 783740
1 684543
1 602325
2 1001648
1 398781
1 840448
2 768657
2 297880
1 189766
1 549781
1 366149
1 767746
2 538612
2 855453
2 948465
1 621543
1 556268
1 533064
1 221758
2 876596
2 120223
1 798117
2 109446
1 246787
1 609310
1 994508
2 981087
2 981099
2 641236
2 338947
2 938998
2 901010
1 7608
2 879774
1 500310
2 796561
2 36768
2 540080
1 606008
2 212806
2 683535
2 599188
2 832768
1 226088
1 371512
1 560909
2 361435
2 15234
1 751147
2 860357
2 662703
1 526770
1 765971
2 986207
1 165829
2 220762
2 826533
1 308422
1 189656
1 193739
2 322275
1 1007174
1 935784
2 655025
2 974739
2 568927
1 61401
1 680484
1 1000800
2 292030
1 612374
2 438548
1 84512
1 600995
1 678085
2 973690
1 496331
1 606266
2 327037
2 426605
1 595265
1 358819
1 830082
1 96404
1 294664
1 55522
2 452547
1 377510
2 528802
1 60822
1 226309
2 855345
2 734630
2 697577
1 691075
1 593115
2 286501
1 131530
1 773811
2 638930
2 593371
1 1032808
2 485130
1 982302
2 864742
2 412186
1 168072
2 891091
1 23275
2 164180
2 696973
1 775883
2 121279
2 274651
1 724763
2 579282
2 96607
2 30219
2 615345
2 903129
1 210379
2 657860
1 82874
2 31575
2 450947
2 18531
1 4023
1 459040
2 703105
2 1026781
1 690305
2 418861
1 760427
2 507752
2 1028369
2 398335
1 235101
1 807947
1 487987
2 39318
2 444488
2 546487
1 214797
1 422144
2 841261
1 133713
2 940131
2 365513
1 404018
2 56788
1 336656
2 454181
2 455514
1 46454
2 385649
2 1011205
2 294118
2 213950
2 248906
1 587525
2 160853
2 874133
1 244574
1 420637
1 787259
2 682847
2 451691
1 530183
1 221319
1 221911
2 681129
1 122279
2 365003
1 252186
2 1041031
1 193880
2 361828
2 562496
1 428522
1 266613
1 293556
1 951919
2 101383
1 448254
1 663085
2 939277
1 420448
1 8553
1 1024250
2 300446
1 490596
1 892447
1 822172
1 400450
1 676951
1 1040065
2 151896
1 1037851
1 298925
1 707237
1 65224
2 704565
2 145680
2 837958
1 52611
1 340918
1 242601
2 355003
1 252293
2 401720
2 282669
1 442025
2 268204
2 365564
2 155174
1 794603
2 999310
1 424386
1 391884
2 656399
1 998533
1 94850
1 104303
1 518275
2 674199
1 89647
2 91968
2 490206
1 118258
2 981338
2 20735
1 296286
2 498493
1 14205
2 293763
1 496845
2 79901
2 347499
2 486412
2 531267
2 865379
2 810311
1 555881
2 680293
2 590035
2 317183
2 544076
2 995416
2 766924
2 573346
1 88484
2 1020601
1 680994
1 891585
1 699732
1 224005
1 177174
2 508292
2 821447
1 98555
1 339982
1 434992
1 668343
2 746255
1 132909
2 1037831
1 299510
2 121428
2 1002630
2 554455
1 395246
1 748325
2 574871
2 896787
1 55354
2 440934
2 9197
1 211207
2 701103
1 222866
2 778259
2 102495
2 754881
1 191928
2 843556
2 751125
2 455786
1 79660
1 898638
2 353216
1 163733
1 379941
1 725912
1 684253
2 87259
2 453553
1 96345
2 116906
2 847963
1 597638
2 346342
1 157376
2 262001
1 725468
1 561679
1 656958
2 837655
2 777208
1 576184
1 74684
2 795972
1 556442
2 581426
2 184011
2 240521
1 542608
2 285303
2 957006
1 240643
1 1011485
1 62666
2 347146
1 188544
2 1008343
2 506502
2 403221
1 492750
2 335951
1 1032360
1 928470
2 509002
2 159378
1 75835
2 855726
2 676903
2 717624
1 510850
1 745794
1 142934
2 428965
1 690516
1 996033
2 156495
2 316475
2 739440
1 232537
2 961682
2 800639
1 451252
1 174384
1 922661
1 402076
2 1028787
1 215335
1 519486
1 1035554
1 889674
2 708992
1 983474
1 931806
2 21555
2 189560
2 747859
1 916355
2 7795
2 845297
2 887019
1 770828
1 918582
1 571927
2 684235
1 94018
1 915764
2 219395
1 434669
1 213665
1 662284
2 211770
2 476493
2 310679
2 81926
1 186892
1 1005204
2 1001391
1 368493
1 968007
1 238350
1 559669
1 44256
2 930340
1 174682
1 593261
1 931247
1 565476
1 488295
1 509305
2 681899
1 750481
1 210297
1 908799
1 34591
2 223256
1 72795
1 168068
2 290137
2 150281
1 271534
2 966082
2 599616
1 401056
1 398674
1 5486
2 394361
2 308315
1 371370
2 944376
1 842819
2 249296
2 578297
1 901158
1 595034
2 197744
2 237313
2 390889
1 203937
1 477046
2 670620
2 1045669
2 555236
1 460784
1 85675
2 958992
1 440290
1 786442
1 285189
2 114242
1 293537
1 135037
2 671808
1 114010
2 364852
1 222697
1 279225
1 726357
1 188401
2 99364
2 663387
1 557841
1 565060
2 844963
1 303763
1 8814
1 203112
2 490904
2 1014176
2 424117
2 581755
2 114105
1 734742
1 85580
1 211173
2 38394
1 377222
1 922439
1 748191
2 852332
1 158058
2 721134
2 103835
2 804398
1 990935
2 186847
1 530706
1 716494
1 249271
1 597413
2 33055
2 66605
2 45147
2 454148
1 542344
1 974468
1 535014
2 264915
2 1023147
1 622332
2 863397
1 362853
2 895719
1 89947
2 49794
2 502060
2 845819
2 575854
1 294772
2 189462
2 420022
2 158426
2 647185
1 906305
1 722021
2 282255
1 853411
1 821390
2 553630
2 484731
1 972189
2 919340
2 607591
2 998999
1 46267
2 997835
1 596885
2 151605
2 1021563
1 310837
2 337027
1 147421
2 139855
2 935859
1 650678
2 958005
1 719257
1 562850
1 202227
1 356571
1 801330
2 362920
2 231516
2 320915
2 889217
1 1008198
1 300461
1 813883
1 601245
2 611853
2 532955
2 830503
2 267635
2 646341
1 934401
2 551338
2 909626
1 887085
2 472168
2 223511
2 391063
2 524449
2 675696
1 783040
1 229321
1 636937
2 598834
1 222717
2 917395
2 489787
2 460237
2 382215
1 316565
2 325845
1 482456
2 413303
1 717806
2 192247
1 509568
1 175797
1 38904
2 424092
1 497988
2 1034893
2 229780
2 184060
2 555305
2 347202
2 564436
2 250239
1 475949
1 804412
1 66762
1 427198
2 159888
1 520018
2 578687
2 679232
1 630294
2 335774
2 188064
1 504301
1 687833
2 24755
1 93298
1 1023240
2 876238
1 116179
1 660406
2 827412
2 371766
1 559681
2 540904
1 953459
1 1029977
2 23579
1 818864
2 354012
2 369837
2 593046
1 182627
2 37745
2 419215
1 870175
2 436293
1 341268
2 510068
1 188526
2 572736
1 237322
1 607011
2 201842
2 155656
2 687215
2 612490
2 551381
1 931379
1 632465
1 677780
2 321555
2 584549
1 13384
1 844697
2 597668
2 288500
2 468194
1 106995
1 177705
1 99711
2 932177
1 883249
1 1002063
1 673955
2 932727
1 478910
2 780869
2 731383
1 380174
2 631825
1 890387
2 731787
2 763317
1 205536
2 855632
1 347168
2 143487
1 272537
1 426223
2 413940
2 621346
2 459195
1 934955
1 775706
1 326294
1 747516
1 822603
1 547199
1 1005179
2 896559
1 38879
2 154877
1 238867
2 534209
1 802965
2 736582
1 205965
1 863780
2 54469
2 382597
2 40291
2 963269
2 604909
1 707453
2 175284
2 302998
1 283599
1 544311
1 341519
2 273092
1 312066
2 1012684
1 99399
1 70928
2 574208
1 626574
1 250284
1 300339
1 1047303
2 149071
2 1022158
2 384938
1 883376
1 652846
1 438002
1 734980
2 31642
1 667183
2 629342
1 735109
2 781523
1 647761
1 816432
1 214521
1 926534
2 448735
2 986458
2 382684
1 631435
2 503908
1 275013
1 377580
2 616449
1 457977
1 229184
1 180521
1 958225
2 667563
1 965586
2 244162
1 343755
1 239769
2 684406
1 446876
1 47344
1 172542
2 83421
2 795776
1 538163
1 1026349
1 388079
1 61234
1 381740
2 140476
1 363704
2 831404
1 552116
1 196149
2 531033
2 591034
2 144797
2 478111
1 56358
2 872298
2 506465
1 85118
2 307830
2 450947
1 923816
1 704593
2 722150
2 712043
2 949396
2 15712
2 79892
1 276295
2 958468
1 376898
2 250613
2 483630
2 621115
1 458211
2 332380
1 163086
1 180403
1 479889
1 685105
1 130946
1 668042
1 449203
2 583433
2 635124
2 985415
2 1036767
1 566967
1 981423
1 908215
1 597525
2 232722
2 887659
2 940071
1 681027
1 828793
2 560529
2 515463
1 370476
1 87104
2 424540
1 733771
1 55982
2 398023
1 985197
1 527222
2 195574
2 549956
2 189100
1 421782
1 202289
2 785615
1 5166
1 533764
1 174237
2 310530
1 20541
2 37022
2 167505
1 592064
2 929749
2 337168
2 748611
2 873030
2 96457
1 692131
1 381739
1 29698
1 541977
1 978032
1 620412
2 661113
2 701344
2 649364
2 618154
1 931485
1 206836
1 829457
1 328458
1 127573
1 284674
2 943729
1 69690
1 821183
2 959067
2 521512
1 579173
2 1001378
2 1021287
1 1037011
1 207062
2 510559
2 184425
2 2621
2 259285
1 216760
1 35294
1 297267
1 516515
1 988855
2 28927
2 492521
1 591103
2 962159
2 508395
2 791248
2 239166
1 494314
1 462737
2 761323
2 664639
1 587417
2 898536
2 133373
2 619571
1 87630
1 1023457
2 397803
1 812822
2 793741
1 110014
1 684852
1 496238
2 572557
1 1021911
1 756050
2 165277
2 261319
2 856893
1 764252
2 967845
2 299134
1 119972
1 1010970
1 602754
1 578995
2 476859
1 411302
1 556520
2 507345
1 1016850
2 895434
2 954915
1 649286
1 572314
2 46609
2 690707
1 25556
2 536190
1 820953
1 437915
1 779707
2 1019837
2 843218
2 234794
2 697643
1 236841
1 1043380
2 676484
2 43860
1 934803
1 252039
1 20288
1 897560
1 251918
1 472636
1 692596
2 121425
1 179880
2 333844
2 708656
1 117704
1 10495
2 806579
1 604704
1 427121
2 226604
2 304204
2 564097
2 651695
1 876128
1 680428
2 775290
1 541109
2 506789
1 788144
2 938379
2 99692
1 325571
2 881710
2 540476
2 336947
1 283404
1 501404
1 706359
2 778316
1 286335
1 1028046
2 679858
2 900640
2 1041256
2 663390
1 1011371
1 233315
1 33548
1 544328
2 654532
1 214626
1 505842
1 163426
2 456915
2 801049
1 497454
1 604064
1 690956
2 1039088
2 626006
1 759313
2 952753
2 327251
2 113230
2 715739
2 694010
2 335427
1 899409
2 866988
1 104707
1 231443
1 923803
1 634551
2 141442
1 293645
2 283565
2 356679
1 483379
1 465818
1 157133
1 447177
2 750180
1 351151
1 1022154
1 767724
2 535951
2 336519
1 121918
2 431353
2 507188
2 1001080
1 929411
1 621994
2 359439
2 804396
1 571745
2 567392
2 129268
1 830380
2 379574
2 705306
1 68091
2 276272
1 86391
1 134049
2 730485
1 952352
1 452516
2 1021229
1 128465
1 729471
1 779681
1 52355
1 805507
2 962665
1 482662
2 451942
2 678441
1 516951
2 370692
1 753706
1 937007
1 890439
2 784512
1 261893
2 460859
2 612071
1 1039823
1 554729
2 381332
2 589314
2 703389
2 820456
2 651635
1 670891
1 793860
2 146778
1 380659
1 654004
2 211070
2 555950
2 275752
1 962867
1 563791
1 380827
2 911532
1 906315
1 69877
1 986252
1 297413
2 643666
2 773863
1 736050
2 914208
2 904819
1 624127
2 85901
2 667034
2 225076
1 438151
2 565459
1 117347
1 577770
1 304635
2 760696
2 821455
2 989071
2 657148
1 1003335
2 806775
2 1026773
1 631948
2 55873
1 155474
1 749986
1 73615
2 847373
2 449085
2 1039099
1 90867
2 466441
1 600894
2 342759
1 218546
1 661806
1 21355
1 378839
2 926545
1 169904
2 411927
1 62749
2 645951
1 961356
2 276347
2 957619
2 967359
1 1016032
1 197215
1 780249
2 923272
2 247727
1 750490
2 904577
2 28829
1 468475
2 464576
2 809961
1 487962
2 796625
1 377307
2 937425
2 833501
1 659890
2 224140
2 336384
2 234784
1 934268
2 346984
2 55916
2 652767
2 561809
2 340825
1 644070
1 414927
1 732823
2 340663
2 2681
2 370218
2 797038
1 522387
1 604031
1 751105
1 511151
2 157635
2 823414
2 758535
1 818784
1 169839
2 489032
1 100515
1 199879
2 301288
2 800801
1 240377
1 587050
2 431685
2 489676
2 175567
1 474711
2 150327
2 441161
2 226007
2 488932
2 407584
2 768691
2 473057
1 820198
2 470819
1 433722
2 359279
1 70469
1 54001
1 968019
1 152243
2 283835
1 428645
1 744613
2 451153
2 795085
2 821151
2 356331
2 457706
2 303678
2 1043440
1 702679
2 675721
2 398
1 490159
1 85530
2 418834
2 149423
1 98016
2 238790
2 309862
2 693366
2 313717
1 975470
1 778666
1 387230
1 514773
1 974133
2 177491
1 219913
2 964889
2 58464
2 453444
1 878685
1 533117
2 806865
2 365880
2 947224
2 10058
1 914487
2 543894
1 429849
2 334023
1 999802
2 50812
1 400654
1 660006
1 668030
2 439220
1 711748
2 912975
2 370408
1 883865
2 636239
1 308933
1 237180
2 957693
2 223980
2 465942
2 342135
2 1037456
1 349623
2 984257
1 459421
1 685210
2 276374
1 335802
2 54593
2 557476
2 874895
2 818518
1 542798
2 483704
2 145088
1 17396
1 617549
1 384184
1 721796
2 461145
2 750325
2 325985
1 17735
2 498913
2 449930
1 626515
1 784119
2 821970
1 962453
1 732040
2 765738
2 183040
1 997207
1 281867
1 154209
2 643524
1 347078
1 644326
1 939054
2 1019064
1 584778
2 574860
2 787680
1 13849
2 273993
1 780731
2 252019
2 804736
2 105946
2 945286
2 495537
2 499488
2 968988
1 631399
2 194656
2 126325
1 805238
1 430383
1 931802
2 151160
1 77341
2 824946
1 648147
1 949236
2 863882
2 242502
2 887892
1 308942
2 492032
1 11005
2 1003930
2 281822
1 768685
2 593119
1 996272
1 224083
2 628563
2 402858
1 433707
2 872717
2 240004
2 345881
2 374965
1 694683
2 899795
1 337489
1 915899
1 508196
1 493145
1 899002
1 833182
2 647942
2 846244
1 305034
1 521683
2 42165
1 193569
2 883651
2 991771
2 10224
1 499496
2 690402
1 335248
2 149573
2 708176
1 968533
1 469161
2 408239
1 983143
1 809978
1 1048322
1 496774
2 747526
2 822047
2 1016156
2 883908
2 63093
1 923828
2 584450
1 415346
2 274296
1 637800
2 463862
2 472170
1 898761
2 46763
2 224345
1 220905
2 390150
2 628562
2 115835
1 428367
1 979606
2 700114
2 929258
1 347559
2 137971
2 414340
1 1006860
2 181945
2 384071
2 250655
2 400206
1 588085
1 520296
2 558010
1 846142
2 952815
1 643380
2 115371
1 687614
1 714208
2 213017
2 19600
2 17339
2 672896
2 111865
2 77355
1 1000451
2 548316
1 877386
1 775012
2 1040867
2 269838
2 890320
1 135649
1 289090
1 236226
2 158204
2 687266
2 848088
2 450566
2 58123
1 921444
2 410312
2 327119
2 645428
1 220427
2 350280
1 319645
1 721737
2 824161
1 746828
1 554536
2 216310
2 857387
1 129059
2 193466
1 220819
2 1017152
1 131049
2 28659
1 1035990
2 550100
1 471020
1 815538
2 430788
1 528717
2 195627
1 377119
2 692045
2 241837
1 180625
2 511358
1 1010187
1 408094
1 616562
1 276005
2 144593
1 854622
2 703757
2 250916
2 463488
2 507198
1 271173
1 125217
2 25917
1 296295
1 199323
1 221058
1 725004
2 675475
2 143187
2 847492
2 971712
1 467307
1 726
1 23850
1 547068
2 231074
2 812711
1 100808
1 205833
1 837114
2 225108
1 134411
2 815027
2 531257
1 104542
1 639919
2 199747
1 146636
1 930404
2 938463
1 897683
2 682347
1 494679
1 575473
2 746198
1 1013847
2 1015354
2 804288
2 151523
2 549599
1 514884
1 831067
2 1038478
1 891751
1 301394
2 869116
1 163936
2 874670
2 1012706
1 470890
1 882563
1 779694
1 162050
1 420941
1 642885
2 238071
1 260794
2 321377
1 727332
2 220383
1 784425
1 335265
1 224477
1 12458
2 914135
1 1031547
2 706169
1 281401
1 829570
2 581068
2 622099
1 131747
1 285708
2 1047248
1 135068
2 906743
1 1034815
2 176243
2 929429
1 129388
1 547968
2 1027398
1 809173
1 481727
2 567022
2 152230
1 536528
2 580713
2 28893
2 29564
1 12429
1 402535
1 823243
1 319889
1 71182
2 977970
2 801623
2 794228
2 689904
1 712141
2 1012518
2 654791
2 729796
1 916335
1 767315
2 400397
1 379423
1 628931
1 1039425
2 266548
2 26239
2 820302
2 437099
1 112078
2 618683
1 346942
1 919792
2 152696
2 173923
2 921176
1 949690
1 201435
1 164611
2 853311
2 486477
1 312682
2 229557
1 591152
2 573441
2 570336
1 910889
1 171798
2 137232
2 626953
1 665433
1 520834
1 479511
2 660892
1 854889
2 259099
2 175596
2 996938
2 639354
2 838243
2 168927
2 986662
1 655674
2 163471
1 980098
1 399241
2 181845
1 482489
1 937038
1 792096
2 508837
2 938903
2 464638
1 320115
1 485889
2 338405
2 551127
2 680310
1 435811
1 835993
2 914503
1 852363
1 6868
1 729426
1 988040
1 581723
1 790543
2 722452
1 954442
1 526840
2 538302
1 876983
2 301544
1 919110
1 844862
1 268613
1 688374
1 613186
1 443245
1 321581
1 465670
2 294581
2 347532
1 798111
1 241180
1 164752
2 18026
1 564468
2 380503
1 299232
2 601011
2 1039973
1 782319
1 79216
1 116598
1 564433
2 386202
1 853714
2 682040
2 952879
2 264671
1 569373
2 688474
1 46037
1 85476
2 560367
1 765719
2 602933
2 219349
1 576890
2 703247
2 435284
2 367843
2 687300
2 150032
1 827450
2 411231
1 241745
1 362476
1 283607
1 1031716
2 681477
2 729687
1 949326
2 717691
2 1034556
1 590996
1 650737
2 48633
1 299684
2 822158
2 1036413
1 729839
1 779418
1 114533
2 773264
2 502625
2 226892
2 1012014
2 305303
2 235601
2 451996
2 952142
1 835399
2 206213
2 239849
2 411411
2 19334
2 914469
2 479559
1 442581
1 580963
2 28395
2 104290
2 29852
2 767346
2 824775
2 664191
1 1027115
1 465304
2 156430
2 63610
2 65387
2 863777
2 859895
1 506075
2 258897
2 323082
2 282146
2 166833
2 16103
1 749349
2 686486
1 974985
1 179027
2 814772
1 674741
1 548245
2 457111
2 845171
1 1010611
1 717175
1 11607
1 629711
1 222812
2 385695
2 66528
2 790177
1 76917
2 860416
2 600600
1 303087
1 600658
1 435598
2 843922
2 397153
2 326863
2 246329
2 159124
1 622303
2 320459
2 395241
1 744150
2 105196
1 39713
1 622634
2 438675
2 720211
2 151854
1 122457
1 325881
2 508361
1 254205
2 279658
2 979606
2 462451
1 864597
2 66700
2 844205
2 380756
1 18950
2 362109
2 724643
1 429434
1 615270
2 636061
2 770055
1 955750
1 901585
1 27054
1 342325
1 445735
1 967975
1 732133
1 732646
1 770521
1 956419
1 484449
2 726721
1 414832
1 715445
1 256794
1 987258
1 885752
1 1040941
2 754359
2 221103
2 181907
2 878836
1 140232
1 606884
2 103710
2 222964
2 940384
1 742971
1 382889
2 386756
1 4952
1 912839
1 312259
2 267341
2 683056
1 236870
1 787067
2 804246
2 291051
2 343188
1 1004938
1 746978
2 246269
2 671220
2 74761
2 816420
1 455803
1 414608
1 413979
2 915355
2 1010225
2 260357
2 636006
2 524265
1 437970
1 859248
2 652644
2 326199
2 248732
2 198055
1 463748
2 428996
2 707017
2 995269
2 287209
2 605905
2 543443
2 729668
2 879649
2 86555
2 828051
2 696423
2 169095
1 834904
2 1028957
2 172280
2 694105
1 649229
1 1023766
1 977519
1 241034
2 394179
1 352129
2 798272
2 697331
1 331973
1 473187
1 784775
1 578011
1 865091
2 849281
2 851232
1 179536
1 791778
2 116106
1 586382
2 126841
2 254144
2 773471
2 1045885
2 887746
1 155698
2 89611
1 514876
2 258993
1 852693
1 965496
2 453133
1 654459
2 605454
2 13625
2 273184
2 712213
1 383831
2 881368
2 857095
2 578732
1 68333
2 803231
2 755805
1 892774
1 510602
2 333959
1 206416
1 67626
2 805046
1 915998
1 903358
2 863693
2 451984
2 64746
1 481033
2 256755
1 819075
2 816406
2 135561
1 196758
1 923632
2 319946
2 890606
2 1048121
2 987519
1 603736
2 282909
1 447663
2 978231
1 698440
2 901987
2 142464
1 415457
1 739955
2 263135
1 593780
2 216572
2 675169
2 141380
2 854594
2 924438
2 192539
1 845941
2 421773
1 846737
1 41440
1 491740
2 78535
1 837241
1 370822
2 737184
1 571422
2 1026388
1 745913
2 866167
2 841279
2 804455
1 16899
2 33611
2 376074
1 586993
1 883558
1 202314
1 394135
1 775735
1 920092
1 617888
2 1039244
1 978779
2 946735
2 517447
1 784592
1 999926
1 58271
1 1009160
2 37913
1 273196
2 529597
2 485921
2 226657
2 83132
2 89650
1 693049
1 663307
2 10761
2 506856
2 808342
1 928171
2 787597
2 487688
1 764397
2 517949
2 731104
2 311031
1 632543
2 147538
1 719656
1 391505
2 80418
1 875330
1 61831
1 706700
1 544454
1 970029
2 567611
2 496268
1 261491
2 641263
2 463730
1 124388
1 976224
1 889219
1 651006
2 57745
1 1036100
2 980850
2 331944
1 537730
1 881815
2 769229
2 380167
2 927734
1 129591
1 1018935
2 639865
1 758995
2 564315
2 262665
2 436594
1 259742
2 241909
1 219753
2 920917
2 1007224
1 191153
1 232419
2 1019096
2 25937
2 466348
2 1021363
2 18738
1 211110
2 1102
1 1047092
2 1037798
1 592697
2 114503
1 373275
1 939943
1 12830
2 938143
1 44411
2 513769
1 202349
2 44354
1 943939
1 253776
1 721056
1 450158
1 932525
1 837891
1 131879
1 595917
2 581898
1 282313
2 253814
2 646608
2 814592
2 238020
2 982607
1 186757
1 779402
1 900699
2 63835
1 571747
2 435944
1 996836
2 834619
1 773218
2 225198
1 841882
2 339205
2 873647
2 535350
2 516522
2 887495
1 938967
2 106696
2 116911
1 170094
2 768945
1 407852
2 270850
1 97767
1 837081
2 465348
1 485063
2 543815
2 775269
1 231808
2 88959
1 336006
2 445564
2 478309
1 673400
2 894297
1 267780
1 1027050
2 511044
1 913641
1 56889
1 220065
2 900729
2 294551
2 170289
1 27182
1 300396
1 915813
2 696362
2 213218
1 993862
1 645216
2 105748
1 42024
2 483511
2 141853
2 36264
1 572726
2 599882
2 214471
1 725716
1 635075
2 47779
1 365712
2 749358
1 481609
1 154841
2 537986
1 1040221
2 745508
1 1041544
1 345351
2 1391
2 100175
1 67515
2 461676
2 212808
2 118713
2 586703
2 1031028
1 301524
2 1026319
1 351019
2 321715
1 342243
2 688578
1 809025
1 795300
2 555057
1 691210
1 328385
2 152009
1 655460
1 468513
1 805238
1 739865
2 99302
1 809064
2 255938
1 826652
2 68062
2 221128
2 889667
2 269479
1 952224
1 585356
1 298732
1 361169
1 243050
2 190143
1 728146
2 156891
2 4696
1 585956
2 997609
2 234325
1 811845
1 1015837
2 894907
2 948627
2 100369
1 907293
1 764773
2 1007751
1 274861
2 264390
2 293145
2 117482
2 184771
1 649422
2 95229
1 370648
1 654959
1 939268
1 264933
2 375937
1 27354
2 719391
1 140061
2 285472
1 913061
1 145477
1 810119
1 739823
1 674978
1 1029810
1 893648
2 338484
1 149229
1 136708
1 273536
2 708612
1 844631
2 340264
2 108054
1 417111
2 255265
1 814432
1 397706
2 837489
1 9264
2 251058
2 826635
2 649559
2 620930
1 223131
2 873864
1 710770
2 787403
2 1011468
2 755280
2 387000
1 62437
2 135642
2 743234
2 426760
2 887381
2 1030736
2 198729
2 898293
2 292316
1 655886
2 452963
1 948973
2 224942
1 372703
1 32104
2 444158
2 388926
2 613559
2 474666
1 815125
1 829461
2 343607
1 909371
1 513453
1 1022723
2 826984
1 659854
1 39598
1 750343
2 1019550
2 636487
1 689328
2 1002942
1 725023
1 301437
2 763541
2 413620
2 424683
1 211616
1 504351
1 22317
1 1031942
2 799172
1 171335
1 309742
2 818972
2 923415
2 949882
1 955369
1 726370
1 1015207
2 666926
1 904236
2 587998
1 418672
2 953032
2 660773
2 294160
2 73968
1 32160
2 146074
2 519455
2 162786
1 994011
2 225158
1 604189
2 393420
2 621209
1 280627
1 546364
1 7944
2 766685
2 177670
1 739727
2 1033405
1 884578
2 404404
1 673131
2 67430
2 803330
1 1008724
2 181442
2 207918
2 204417
1 719963
2 154670
1 766268
1 1010017
1 4176
1 919123
1 728115
1 196663
2 60361
2 7341
2 680576
1 807187
2 592137
1 54390
2 328502
2 203631
1 365230
2 57399
2 855438
1 79529
2 688127
1 440445
2 984585
2 20779
1 241234
1 535494
1 543913
2 297401
1 370664
2 178227
2 773378
2 229175
2 530906
1 326090
2 410292
2 665314
2 208804
2 215929
2 747455
2 99889
1 450768
1 814214
2 474266
2 827620
2 448972
1 518756
2 464578
2 921820
2 686294
1 744121
2 470377
1 364645
2 670506
2 704657
1 306071
2 568935
2 633135
1 498415
2 872244
1 914903
2 576797
2 124063
1 1022745
1 921768
1 665541
2 748634
1 364033
1 37943
1 722850
2 809110
1 78548
2 394223
1 433301
1 228201
2 576291
1 203730
2 596521
2 724133
1 848129
1 610835
1 948731
1 513394
1 1006935
1 728416
1 775397
1 26301
2 313649
2 265626
1 937526
1 736671
2 1029173
1 383865
1 35163
2 831337
1 697024
2 722928
1 1008069
2 670749
1 184212
2 185078
1 39565
2 511558
2 957661
2 635157
2 18031
1 901797
2 16191
1 392899
2 708089
1 599139
1 265759
1 630076
2 323007
2 97729
2 751813
1 173013
2 767981
2 982120
1 321133
1 570832
1 108525
1 629226
1 614071
2 528369
1 80640
2 468126
1 924402
1 814876
2 31023
2 914199
1 937660
1 211601
1 509864
2 261537
1 1010439
1 321773
1 864586
1 767026
2 58355
2 675637
2 794300
1 486577
2 204894
1 840331
2 1037805
1 303065
2 942977
1 829832
2 779889
2 733868
2 44280
1 290677
1 247195
1 7633
2 934944
2 855823
1 166266
2 1005119
1 554747
2 690476
1 983589
1 541352
1 907273
2 927151
2 757779
2 718467
2 610893
2 304630
2 778276
1 393994
1 723722
2 709742
2 272329
1 70398
1 810921
2 550892
2 316835
2 793543
1 1007655
2 22917
2 164176
1 1002292
2 129565
2 370333
1 237382
1 557036
2 984426
2 522542
1 202426
2 1029983
2 64713
1 85485
1 993827
1 653692
1 747934
2 570556
1 473794
2 464254
1 98266
2 855360
2 58165
1 1001155
1 551915
1 623048
1 331747
1 477645
1 470396
2 392261
1 786916
2 770031
1 923789
1 909330
2 247815
2 329175
2 888464
2 46075
1 724534
1 618882
1 131173
2 733312
2 99608
2 475532
2 545012
2 557230
2 638631
2 288953
1 473594
2 872359
1 87718
2 247655
1 432231
2 493638
2 977643
1 417501
1 102182
1 10594
2 788442
1 964145
2 323902
1 159558
1 259024
2 336941
2 379428
2 219257
2 771594
2 332979
2 797788
2 131923
1 170210
2 546577
1 915163
2 223479
1 706930
2 19443
2 893025
1 321067
2 207212
2 984222
2 198250
2 516918
2 960943
1 164568
1 316320
2 857928
2 340730
2 578518
2 166073
2 15970
2 834220
2 135263
2 850463
1 404778
2 91731
2 11829
2 52917
2 483585
2 443763
2 247186
1 933163
2 741930
1 854177
1 808262
1 683229
2 655620
2 5964
2 941675
2 510862
1 320870
2 565089
2 553891
1 96370
1 1020553
2 608953
2 126980
1 654923
1 30092
1 988284
2 520929
1 585713
1 420717
2 201008
2 802511
1 90517
2 337600
1 350736
1 92544
2 144782
2 1000689
2 561495
1 698813
2 416730
1 603372
2 943450
1 556175
2 65818
2 838612
2 523211
1 928321
1 513489
1 348007
2 134226
2 806345
1 337588
1 322281
1 120484
2 566214
1 252595
1 7244
1 903001
1 422227
2 944777
1 263116
1 93558
1 999359
2 163130
1 373777
2 226082
2 323104
1 361253
2 377198
2 1016728
2 557194
2 49463
1 812376
1 719456
2 37983
2 256348
2 991871
2 490010
2 1008359
1 94999
1 151496
2 621362
1 165274
2 206377
1 897988
2 687016
2 529372
1 384660
2 941530
1 163812
2 131273
2 709988
1 68434
1 758528
1 421121
1 840950
2 495687
1 990982
2 337326
1 293584
2 608965
2 963417
2 935475
2 1032568
1 417620
1 162049
2 3242
2 648474
2 974972
2 310486
1 84471
1 738612
1 293682
2 943166
1 371844
2 744236
1 57718
2 784986
1 969200
1 567908
1 715730
2 163650
1 993515
1 592133
2 1034478
2 332382
2 949177
1 577448
2 71437
2 8362
1 392974
2 53583
2 19243
2 937106
1 889059
1 379460
2 104663
1 273351
1 866472
2 423321
2 841372
2 344673
2 65191
1 321949
2 793882
2 275025
2 169750
1 247794
1 558680
1 851943
2 245697
1 673371
2 53198
1 75163
2 41320
1 743045
1 356483
2 143974
1 834063
2 951486
2 382812
2 202718
2 30421
2 266165
1 1012210
1 660988
1 415624
2 144441
1 227629
1 37243
2 478553
2 921248
1 839675
2 966956
1 479081
2 783703
2 930349
1 760285
2 980360
2 900346
2 1046082
1 468702
2 70181
1 555221
2 707616
1 552936
2 579585
1 818841
2 265592
2 272271
1 669575
1 880392
1 869224
1 910297
1 307024
1 201395
2 985861
2 738033
1 49002
2 990670
1 533908
1 221381
2 632245
1 514438
2 242803
1 339601
2 319502
2 778512
1 373890
2 701789
1 679569
2 234784
1 264408
2 943059
2 908776
1 722992
1 525836
1 499684
1 25750
1 897197
1 203212
2 455587
2 447037
1 472051
2 729721
2 232242
2 777694
2 795034
2 887190
1 742963
2 901379
1 1033788
1 920054
2 51678
1 167656
2 516707
2 213063
2 912039
1 3739
1 957836
1 49152
2 431507
1 125882
2 1004151
2 489850
2 894931
1 743992
1 445386
1 711812
2 930118
2 101040
1 594525
1 192625
1 888954
2 461558
1 95635
2 180195
1 980905
1 747110
2 876591
1 748505
1 929766
2 588475
1 631490
1 635713
1 775151
1 793645
2 443218
2 843001
1 913331
2 310553
1 455953
2 27029
2 994187
1 626156
1 570772
1 911936
1 223732
2 778789
1 84754
2 639126
1 643381
2 324870
1 891920
2 54595
1 841053
1 883831
2 35474
2 415637
2 553561
2 214107
1 684530
1 150095
2 867020
2 517305
1 374555
2 698791
1 203109
2 229402
2 540594
2 881361
1 717160
1 410755
1 341960
1 509889
2 973926
2 571873
2 569752
2 76164
2 758889
1 486616
1 962296
1 917550
2 878440
2 902468
1 251729
1 365051
1 110248
2 576157
1 742961
1 773490
1 132075
1 510939
1 309180
2 292619
2 43507
1 326246
2 898200
1 380844
1 736580
2 801264
2 142643
2 571763
1 812341
2 686611
2 868053
2 605166
1 212425
2 565205
1 938451
1 769778
2 630476
1 228135
1 381411
2 713480
1 56920
1 593540
2 891710
2 860216
1 457423
1 746895
1 729172
2 683991
2 862380
2 1028548
2 453328
2 847083
1 651084
1 709025
1 556551
2 969252
1 1029672
2 602586
2 394814
2 417676
1 1020912
1 421814
1 542285
1 106496
2 1041250
1 471963
1 68147
2 432341
1 15268
1 329077
1 415250
1 693442
1 434329
2 591216
1 743451
2 458095
2 399915
1 155124
2 625951
1 316890
1 817079
2 1041611
2 887180
2 154615
1 482766
2 543289
2 997107
1 56521
1 178157
2 469014
1 187583
1 537796
2 998250
2 728964
1 504507
2 321745
2 469731
2 705463
1 61433
2 274738
2 92650
1 557467
1 606263
2 126776
2 359302
2 310569
2 1031559
2 113592
2 511382
1 820485
2 16632
2 612783
2 238956
2 899900
2 652523
2 118755
1 795718
2 861306
2 23140
1 366461
1 49592
2 7432
2 546670
2 604014
1 931412
2 839299
1 787159
1 654270
2 449692
2 867239
2 807942
1 892577
2 1004473
2 46367
1 864895
1 76795
2 488249
2 785626
1 560636
1 87769
1 893605
2 383716
2 1040043
1 921576
2 431990
2 311224
1 504603
2 941592
2 358226
1 214570
1 68317
2 820625
1 541708
2 185288
1 160897
2 1029720
2 709409
2 256120
2 117252
2 277166
2 803312
2 15782
2 368374
2 741629
1 200361
1 653205
1 870992
1 625277
2 418481
2 302140
2 341913
2 849786
1 704140
2 530565
1 754613
2 897026
1 768967
1 545936
1 774621
1 165713
1 164980
1 133605
2 1003110
1 327299
1 312000
2 387118
2 653464
2 312191
1 15919
1 918856
1 461305
2 32514
1 274515
2 798567
1 472536
1 787513
2 644919
1 695417
2 882411
2 343067
2 426984
2 1000508
2 258670
2 761305
2 351970
1 251378
1 624906
1 863216
2 670826
1 734870
2 148565
1 348740
1 692081
2 171674
2 27477
1 197995
2 238851
2 791710
2 1012128
2 607279
1 439101
1 750057
1 964358
1 269423
1 1042150
1 944752
1 88800
2 737931
2 518628
1 118796
1 1015155
1 1010494
2 150290
1 474287
2 978095
1 689136
2 1025510
1 547064
2 527633
1 869278
2 213663
2 533653
2 740755
1 52680
1 206311
1 931090
1 572253
1 580585
1 394739
2 122044
1 975385
1 997286
1 629182
2 842213
1 48095
2 26968
2 369128
1 569630
1 77470
1 756253
2 732326
2 815876
2 408798
1 144352
2 367770
2 438080
1 72170
2 496721
2 24743
1 852918
1 786541
2 311578
1 357338
1 926365
2 957812
2 958176
2 628226
2 47888
2 646501
2 3838
1 109786
2 236432
1 844116
1 585708
2 805908
1 818427
2 107397
2 786117
1 841362
1 846422
1 602218
2 603364
1 857201
2 912563
1 18053
2 779392
2 385179
2 1013018
2 45793
1 591723
1 103162
1 265431
2 88767
1 408300
1 351003
2 124526
2 640993
2 1012764
1 203506
2 828595
1 1008365
1 313677
1 974872
1 1247
2 273588
2 754083
2 780877
1 510783
1 281116
1 278623
1 136115
1 515708
1 724482
2 842679
1 816404
2 188873
2 508874
1 855749
1 934252
2 660259
1 189768
2 297184
2 250082
2 788454
2 266388
1 263046
1 587553
2 524483
1 937701
2 823101
2 254658
2 530026
1 108786
2 1018248
2 34499
2 751977
1 116439
2 5977
1 551957
1 286853
2 511682
1 182919
2 145437
2 309403
1 350987
1 29923
2 848667
2 495259
1 515550
1 593362
1 852755
1 310596
2 583010
2 1028404
2 977549
2 324997
1 11668
2 673068
1 600867
2 500117
1 72671
2 708894
1 99218
1 386190
2 663060
1 1003797
1 783582
1 211641
2 318595
2 173262
2 906821
2 807657
1 118333
2 296229
2 172919
2 373367
2 184119
2 137445
1 498924
1 1003804
2 423431
1 1037284
2 686902
1 866869
1 668428
1 834448
2 281613
2 859972
2 676286
1 17372
1 428484
2 354983
1 980744
2 540962
1 832130
1 655199
1 784448
1 605114
1 208255
1 342268
2 293215
2 568161
1 305654
1 670226
2 913952
1 767042
2 14338
1 155554
2 736033
1 595631
2 379263
2 1010157
2 301208
2 652537
2 458310
1 683287
2 482364
1 172400
2 423231
2 500350
1 774818
2 577199
2 392050
2 239118
2 928769
1 998679
2 614698
2 813424
1 21782
1 149934
1 705765
1 846093
1 526168
2 742787
2 658580
2 331681
2 739422
1 989721
1 116289
1 555089
2 154386
2 786759
1 480987
2 709819
2 121003
1 481969
1 24008
1 839424
2 672909
2 633886
2 414353
2 349802
2 445256
2 486963
1 160999
2 207190
1 346559
1 39049
2 705016
2 331369
1 99444
2 636179
2 64999
2 109704
1 489057
2 551302
2 990280
1 465920
1 328520
1 722623
1 900469
1 1037255
2 201010
2 495743
1 379416
2 364681
1 557957
2 37353
2 920199
1 348666
2 1040194
2 737603
1 55144
2 514593
1 290655
1 723186
2 758594
2 421646
2 405786
1 638029
1 120164
2 890541
1 292370
1 678874
2 70625
2 815179
1 527628
2 998914
1 599651
2 748701
2 487983
1 720298
2 537558
2 191204
2 1040074
2 444122
2 41205
1 305076
2 403237
1 111521
2 893540
1 555234
2 329825
1 728391
1 709728
1 641711
2 798577
1 454168
2 449198
1 904935
1 882944
1 881735
1 191388
1 401900
2 51088
1 16270
1 319982
1 616278
1 257286
2 301549
1 826231
1 313530
2 400501
2 66289
2 773936
1 330305
1 899886
2 90502
2 77425
2 17887
2 526479
1 149288
1 102290
2 586547
1 784001
2 607028
1 549771
2 517676
1 10012
1 717034
2 1006459
2 245035
1 93592
1 239631
1 370603
1 448370
2 195530
2 421601
1 36150
1 879616
1 970891
2 593090
2 193152
2 708874
2 393509
1 472483
1 550021
2 533047
1 563716
1 163655
1 994343
1 867067
2 9563
2 54633
1 977006
2 304043
1 486675
1 926184
2 770644
2 481904
1 1675
2 205112
2 297889
1 616556
1 405679
1 1023177
2 44263
2 448761
